INSERT INTO `entry` (`id`, `english_id`, `hausa_id`)
VALUES
(1,1,1),
(2,2,2),
(3,3,3),
(4,4,3),
(5,5,4),
(6,6,4),
(7,7,5),
(8,8,6),
(9,9,7),
(10,10,8),
(11,11,9),
(12,12,10),
(13,13,11),
(14,14,12),
(15,15,13),
(16,16,14),
(17,17,15),
(18,18,16),
(19,19,16),
(20,20,17),
(21,21,18),
(22,22,19),
(23,23,19),
(24,24,20),
(25,25,21),
(26,26,22),
(27,27,23),
(28,28,24),
(29,29,25),
(30,30,26),
(31,31,27),
(32,32,28),
(33,33,29),
(34,34,30),
(35,35,31),
(36,36,32),
(37,37,33),
(38,38,34),
(39,39,35),
(40,40,36),
(41,41,37),
(42,42,38),
(43,43,39),
(44,44,40),
(45,45,41),
(46,46,41),
(47,47,42),
(48,48,43),
(49,49,44),
(50,50,45),
(51,51,45),
(52,52,46),
(53,53,47),
(54,54,48),
(55,55,49),
(56,56,50),
(57,57,50),
(58,58,51),
(59,59,51),
(60,60,52),
(61,61,53),
(62,62,54),
(63,63,55),
(64,64,56),
(65,65,57),
(66,66,58),
(67,62,59),
(68,67,60),
(69,68,61),
(70,69,62),
(71,70,63),
(72,71,64),
(73,72,65),
(74,73,66),
(75,74,67),
(76,75,68),
(77,76,69),
(78,77,70),
(79,78,71),
(80,79,72),
(81,80,73),
(82,81,74),
(83,82,74),
(84,83,75),
(85,84,76),
(86,85,77),
(87,86,78),
(88,87,79),
(89,88,80),
(90,89,81),
(91,90,82),
(92,91,83),
(93,92,84),
(94,93,84),
(95,94,85),
(96,95,86),
(97,96,87),
(98,97,88),
(99,98,89),
(100,99,90),
(101,100,91),
(102,101,91),
(103,102,92),
(104,103,93),
(105,104,93),
(106,105,94),
(107,106,95),
(108,107,96),
(109,108,97),
(110,109,98),
(111,110,99),
(112,111,100),
(113,112,100),
(114,113,101),
(115,114,102),
(116,115,103),
(117,116,104),
(118,117,105),
(119,118,106),
(120,119,107),
(121,120,108),
(122,121,109),
(123,122,109),
(124,123,110),
(125,124,111),
(126,125,112),
(127,119,113),
(128,126,113),
(129,127,114),
(130,128,114),
(131,129,115),
(132,130,116),
(133,131,117),
(134,132,118),
(135,133,119),
(136,134,119),
(137,135,120),
(138,136,121),
(139,137,122),
(140,138,123),
(141,139,124),
(142,140,125),
(143,141,126),
(144,142,127),
(145,143,127),
(146,144,128),
(147,145,129),
(148,146,130),
(149,147,131),
(150,148,132),
(151,149,133),
(152,150,134),
(153,118,134),
(154,151,135),
(155,152,136),
(156,153,137),
(157,154,138),
(158,155,139),
(159,156,140),
(160,157,141),
(161,158,142),
(162,142,143),
(163,159,144),
(164,160,145),
(165,161,146),
(166,162,146),
(167,163,26),
(168,164,147),
(169,165,148),
(170,166,148),
(171,167,149),
(172,168,149),
(173,169,150),
(174,170,151),
(175,171,152),
(176,172,153),
(177,173,153),
(178,174,154),
(179,175,155),
(180,176,156),
(181,177,157),
(182,178,158),
(183,179,158),
(184,180,159),
(185,181,160),
(186,182,161),
(187,183,162),
(188,184,163),
(189,185,164),
(190,186,164),
(191,187,165),
(192,188,166),
(193,189,166),
(194,190,167),
(195,191,168),
(196,192,169),
(197,193,170),
(198,194,171),
(199,195,172),
(200,196,173),
(201,197,174),
(202,198,175),
(203,199,176),
(204,200,177),
(205,201,178),
(206,202,179),
(207,203,180),
(208,204,181),
(209,205,182),
(210,206,183),
(211,207,184),
(212,208,185),
(213,209,185),
(214,210,186),
(215,211,187),
(216,212,188),
(217,213,189),
(218,214,190),
(219,215,191),
(220,216,192),
(221,217,193),
(222,218,194),
(223,219,195),
(224,220,196),
(225,221,197),
(226,222,198),
(227,223,199),
(228,224,200),
(229,225,201),
(230,226,202),
(231,188,203),
(232,227,203),
(233,228,204),
(234,229,205),
(235,230,206),
(236,231,207),
(237,232,208),
(238,233,209),
(239,234,210),
(240,235,211),
(241,236,212),
(242,237,213),
(243,238,214),
(244,239,215),
(245,240,216),
(246,241,216),
(247,242,217),
(248,243,53),
(249,244,53),
(250,245,218),
(251,246,219),
(252,175,220),
(253,247,221),
(254,248,222),
(255,249,222),
(256,250,223),
(257,251,224),
(258,252,225),
(259,253,226),
(260,254,227),
(261,238,228),
(262,255,229),
(263,256,115),
(264,257,230),
(265,258,231),
(266,259,232),
(267,260,233),
(268,261,234),
(269,262,235),
(270,263,236),
(271,264,237),
(272,265,237),
(273,266,238),
(274,267,238),
(275,268,239),
(276,269,240),
(277,270,240),
(278,271,241),
(279,272,242),
(280,273,243),
(281,274,244),
(282,275,244),
(283,276,245),
(284,277,245),
(285,278,246),
(286,257,247),
(287,279,248),
(288,280,248),
(289,281,249),
(290,282,250),
(291,283,251),
(292,284,251),
(293,285,252),
(294,286,253),
(295,287,254),
(296,288,255),
(297,289,256),
(298,290,257),
(299,291,258),
(300,292,259),
(301,293,260),
(302,294,261),
(303,295,262),
(304,296,263),
(305,297,263),
(306,298,264),
(307,283,264),
(308,299,265),
(309,300,265),
(310,301,266),
(311,302,266),
(312,303,267),
(313,304,268),
(314,305,269),
(315,306,270),
(316,307,271),
(317,308,272),
(318,309,273),
(319,310,274),
(320,311,275),
(321,312,276),
(322,313,277),
(323,314,278),
(324,315,279),
(325,316,280),
(326,317,281),
(327,318,282),
(328,319,283),
(329,320,284),
(330,321,285),
(331,322,286),
(332,323,287),
(333,324,288),
(334,325,289),
(335,326,290),
(336,327,291),
(337,328,292),
(338,329,293),
(339,330,294),
(340,331,295),
(341,332,296),
(342,333,297),
(343,334,298),
(344,335,299),
(345,336,300),
(346,337,16),
(347,338,301),
(348,339,302),
(349,340,302),
(350,341,303),
(351,342,303),
(352,343,304),
(353,344,305),
(354,345,306),
(355,346,307),
(356,347,308),
(357,348,309),
(358,349,310),
(359,350,311),
(360,351,312),
(361,348,312),
(362,352,313),
(363,353,314),
(364,354,315),
(365,355,316),
(366,349,317),
(367,356,318),
(368,357,319),
(369,358,320),
(370,359,321),
(371,360,322),
(372,361,323),
(373,362,324),
(374,363,325),
(375,364,326),
(376,365,326),
(377,366,327),
(378,367,328),
(379,368,329),
(380,369,330),
(381,370,331),
(382,371,331),
(383,372,332),
(384,373,333),
(385,374,334),
(386,375,335),
(387,376,336),
(388,377,337),
(389,378,338),
(390,379,338),
(391,380,339),
(392,381,340),
(393,382,341),
(394,383,342),
(395,384,343),
(396,385,344),
(397,386,345),
(398,387,346),
(399,388,347),
(400,389,348),
(401,390,349),
(402,391,350),
(403,392,351),
(404,393,352),
(405,394,353),
(406,395,353),
(407,396,354),
(408,397,354),
(409,398,355),
(410,399,356),
(411,400,357),
(412,401,358),
(413,402,358),
(414,403,359),
(415,404,360),
(416,405,361),
(417,406,361),
(418,407,362),
(419,408,363),
(420,409,364),
(421,410,365),
(422,411,366),
(423,412,367),
(424,413,368),
(425,414,369),
(426,415,370),
(427,416,371),
(428,417,372),
(429,418,373),
(430,419,374),
(431,420,375),
(432,421,376),
(433,422,377),
(434,423,378),
(435,424,379),
(436,425,380),
(437,426,381),
(438,427,382),
(439,428,383),
(440,429,384),
(441,430,385),
(442,431,386),
(443,432,387),
(444,433,388),
(445,434,389),
(446,435,390),
(447,436,391),
(448,437,392);
