INSERT INTO `entry_media` (`id`, `media_id`)
VALUES
(1,1),
(2,2),
(3,3),
(4,3),
(5,4),
(6,4),
(7,5),
(8,6),
(10,8),
(42,8),
(11,9),
(13,10),
(14,11),
(15,12),
(16,13),
(17,14),
(20,15),
(21,15),
(22,16),
(23,16),
(24,17),
(25,18),
(26,19),
(27,20),
(28,21),
(29,22),
(30,23),
(167,23),
(31,24),
(32,25),
(33,26),
(34,27),
(35,28),
(36,28),
(37,29),
(38,30),
(39,30),
(44,31),
(45,32),
(46,32),
(47,33),
(48,34),
(50,35),
(51,35),
(52,36),
(53,37),
(54,38),
(55,39),
(56,40),
(57,40),
(58,41),
(59,41),
(60,42),
(77,43),
(61,44),
(62,45),
(67,45),
(63,46),
(64,47),
(65,48),
(66,49),
(68,50),
(69,51),
(70,52),
(71,53),
(72,53),
(73,54),
(74,55),
(75,56),
(76,57),
(78,58),
(79,59),
(80,60),
(81,61),
(82,62),
(83,62),
(84,63),
(85,64),
(87,65),
(88,66),
(89,67),
(90,68),
(91,69),
(92,70),
(93,71),
(94,71),
(95,72),
(96,73),
(97,74),
(98,75),
(99,76),
(100,77),
(101,78),
(102,78),
(103,79),
(104,80),
(105,80),
(106,81),
(107,81),
(108,82),
(109,83),
(110,84),
(111,85),
(112,86),
(113,86),
(114,87),
(115,88),
(116,89),
(165,89),
(166,89),
(117,90),
(118,91),
(119,92),
(121,93),
(122,94),
(123,94),
(124,95),
(125,96),
(126,97),
(129,98),
(130,98),
(131,99),
(132,100),
(133,101),
(134,102),
(135,104),
(136,104),
(137,105),
(138,106),
(139,107),
(140,108),
(141,109),
(142,109),
(143,110),
(144,111),
(145,111),
(146,112),
(147,114),
(148,115),
(149,116),
(150,117),
(151,118),
(152,119),
(153,119),
(154,121),
(155,122),
(156,123),
(157,124),
(158,125),
(159,126),
(160,127),
(161,128),
(162,129),
(163,130),
(164,131),
(168,132),
(169,133),
(170,133),
(171,135),
(172,135),
(173,136),
(174,137),
(175,138),
(176,140),
(177,140),
(178,141),
(179,144),
(180,145),
(181,146),
(182,148),
(183,148),
(184,149),
(185,150),
(186,151),
(188,152),
(189,153),
(190,153),
(191,154),
(192,155),
(193,155),
(231,155),
(232,155),
(194,156),
(195,157),
(196,158),
(197,160),
(198,161),
(199,162),
(200,163),
(201,164),
(202,165),
(203,166),
(204,167),
(205,168),
(206,169),
(207,170),
(208,171),
(209,172),
(210,173),
(211,174),
(212,175),
(213,175),
(214,176),
(215,177),
(217,178),
(218,179),
(219,180),
(220,182),
(221,184),
(222,185),
(223,187),
(225,188),
(224,189),
(226,190),
(227,191),
(229,193),
(230,194),
(233,195),
(234,196),
(235,197),
(236,198),
(237,199),
(238,200),
(239,201),
(240,202),
(243,203),
(261,203),
(244,204),
(245,205),
(246,205),
(247,206),
(250,207),
(251,208),
(252,209),
(253,210),
(254,211),
(255,211),
(256,212),
(257,213),
(258,214),
(259,215),
(260,216),
(262,217),
(263,218),
(265,219),
(266,220),
(267,221),
(268,222),
(269,223),
(270,224),
(271,225),
(272,225),
(273,225),
(274,225),
(275,226),
(276,227),
(277,227),
(278,228),
(279,229),
(280,230),
(281,231),
(282,231),
(283,234),
(284,234),
(285,235),
(286,236),
(287,237),
(288,237),
(289,238),
(293,239),
(294,240),
(295,241),
(296,242),
(297,243),
(298,244),
(299,245),
(300,246),
(301,247),
(302,248),
(303,249),
(304,251),
(305,251),
(306,252),
(307,252),
(308,253),
(309,253),
(312,254),
(313,255),
(314,256),
(315,257),
(316,258),
(317,259),
(318,260),
(319,261),
(320,262),
(321,263),
(322,264),
(323,265),
(324,266),
(326,267),
(327,268),
(328,269),
(329,270),
(330,271),
(331,272),
(332,273),
(333,274),
(334,275),
(335,276),
(336,277),
(337,278),
(338,279),
(339,280),
(340,281),
(341,282),
(342,283),
(343,284),
(345,285),
(346,286),
(347,287),
(348,288),
(349,288),
(350,289),
(351,289),
(352,290),
(353,291),
(354,292),
(355,293),
(356,294),
(357,295),
(358,296),
(366,296),
(359,297),
(360,298),
(361,298),
(362,299),
(363,300),
(364,301),
(365,302),
(368,303),
(369,304),
(370,305),
(371,306),
(372,307),
(373,308),
(374,309),
(375,310),
(376,310),
(377,311),
(378,312),
(379,313),
(380,314),
(381,315),
(382,315),
(383,316),
(43,317),
(49,318),
(241,320),
(187,321),
(325,322),
(248,324),
(249,324),
(120,326),
(127,326),
(128,326),
(12,328),
(344,329),
(18,330),
(19,330),
(264,331),
(86,333),
(216,334),
(367,335),
(290,336),
(291,337),
(292,337),
(228,339),
(40,343),
(41,344),
(310,345),
(311,345),
(242,346),
(175,139),
(178,143),
(178,142),
(49,319),
(181,147),
(9,7),
(11,10),
(30,24),
(167,24),
(40,28),
(36,343),
(60,43),
(248,325),
(249,325),
(120,327),
(134,103),
(146,113),
(152,120),
(153,120),
(169,134),
(170,134),
(196,159),
(219,181),
(220,183),
(222,186),
(223,188),
(227,192),
(228,340),
(281,232),
(281,233),
(282,232),
(282,233),
(291,338),
(292,338),
(303,250),
(325,323),
(384,351),
(385,348),
(386,349),
(387,350),
(388,352),
(389,353),
(390,353),
(391,354),
(392,355),
(393,356),
(394,357),
(395,358),
(396,360),
(397,351),
(398,359),
(399,361),
(400,362),
(401,363),
(402,365),
(403,366),
(404,367),
(405,368),
(406,368),
(407,347),
(408,347),
(409,370),
(410,371),
(411,372),
(412,373),
(413,373),
(412,374),
(413,374),
(414,375),
(415,376),
(416,377),
(417,377),
(418,378),
(419,379),
(420,380),
(421,381),
(422,382),
(423,383),
(424,384),
(425,385),
(426,386),
(427,387),
(428,388),
(429,389),
(430,390),
(431,391),
(432,392),
(433,393),
(434,394),
(435,395),
(436,396),
(437,397),
(438,398),
(439,399),
(440,400),
(441,401),
(442,402),
(443,403),
(444,404),
(445,75),
(446,405),
(447,406),
(448,369),
(449,408),
(450,409),
(451,410),
(452,411),
(453,412),
(454,413),
(455,414),
(456,415),
(457,416),
(458,418),
(459,417),
(460,419),
(461,426),
(462,420),
(463,421),
(464,422),
(465,423),
(466,424),
(467,424),
(468,425),
(469,425),
(470,427),
(471,428),
(472,429),
(473,430),
(474,431),
(475,514),
(476,513),
(477,512),
(478,511),
(479,510),
(480,508),
(480,509),
(481,508),
(481,509),
(482,507),
(483,507),
(484,506),
(485,505),
(486,504),
(487,432),
(488,433),
(489,434),
(490,435),
(491,436),
(492,437),
(493,437),
(494,438),
(495,438),
(496,440),
(497,439),
(498,441),
(499,442),
(500,443),
(501,444),
(502,445),
(503,445),
(504,446),
(504,447),
(505,446),
(505,447),
(506,448),
(507,451),
(508,450),
(509,457),
(510,482),
(511,483),
(512,449),
(513,452),
(514,453),
(515,454),
(516,455),
(517,456),
(518,458),
(519,458),
(520,460),
(521,461),
(521,462),
(522,463),
(523,464),
(524,465),
(525,466),
(526,466),
(527,468),
(528,469),
(529,469),
(530,472),
(531,472),
(532,473),
(533,470),
(534,474),
(535,459),
(536,467),
(537,471),
(538,475),
(539,476),
(540,477),
(541,478),
(542,479),
(543,480),
(544,481),
(545,484),
(546,485),
(547,486),
(548,487),
(549,488),
(550,489),
(551,490),
(552,491),
(553,238),
(554,492),
(555,492),
(556,493),
(557,494),
(558,495),
(559,496),
(560,497),
(561,498),
(562,499),
(563,500),
(564,501),
(565,503),
(566,502),
(567,421);

